0.1 0.904 0.9655172413793104 0.819047619047619
0.2 0.904 0.9655172413793104 0.819047619047619
0.30000000000000004 0.904 0.9655172413793104 0.819047619047619
0.4 0.904 0.9655172413793104 0.819047619047619
0.5 0.904 0.9655172413793104 0.819047619047619
0.6000000000000001 0.904 0.9655172413793104 0.819047619047619
0.7000000000000001 0.904 0.9655172413793104 0.819047619047619
0.8 0.904 0.9655172413793104 0.819047619047619
0.9 0.904 0.9655172413793104 0.819047619047619
1 0.904 0.9655172413793104 0.819047619047619
10 0.903 0.9655172413793104 0.8166666666666667
20 0.906 0.9706896551724138 0.8166666666666667
30 0.905 0.9706896551724138 0.8142857142857143
40 0.905 0.9724137931034482 0.8119047619047619
50 0.905 0.9724137931034482 0.8119047619047619
60 0.904 0.9724137931034482 0.8095238095238095
70 0.903 0.9724137931034482 0.8071428571428572
80 0.903 0.9724137931034482 0.8071428571428572
90 0.905 0.9758620689655172 0.8071428571428572
100 0.905 0.9758620689655172 0.8071428571428572
200 0.902 0.9775862068965517 0.7976190476190477
300 0.898 0.9793103448275862 0.7857142857142857
400 0.893 0.9810344827586207 0.7714285714285715
500 0.887 0.9810344827586207 0.7571428571428571
600 0.885 0.9827586206896551 0.75
700 0.88 0.9827586206896551 0.7380952380952381
800 0.878 0.9827586206896551 0.7333333333333333
900 0.876 0.9827586206896551 0.7285714285714285
1000 0.874 0.9827586206896551 0.7238095238095238
2000 0.87 0.9827586206896551 0.7142857142857143
3000 0.866 0.9827586206896551 0.7047619047619048
4000 0.865 0.9827586206896551 0.7023809523809523
5000 0.863 0.9827586206896551 0.6976190476190476
6000 0.864 0.9844827586206897 0.6976190476190476
7000 0.863 0.9844827586206897 0.6952380952380952
8000 0.858 0.9827586206896551 0.6857142857142857
9000 0.856 0.9810344827586207 0.6833333333333333
10000 0.854 0.9793103448275862 0.680952380952381
20000 0.848 0.9741379310344828 0.6738095238095239
30000 0.837 0.9655172413793104 0.6595238095238095
40000 0.832 0.9603448275862069 0.6547619047619048
50000 0.824 0.9517241379310345 0.6476190476190476
60000 0.818 0.9482758620689655 0.638095238095238
70000 0.809 0.9448275862068966 0.6214285714285714
80000 0.799 0.9431034482758621 0.6
90000 0.795 0.9413793103448276 0.5928571428571429
100000 0.786 0.9413793103448276 0.5714285714285714
200000 0.731 0.9396551724137931 0.44285714285714284
300000 0.693 0.9413793103448276 0.35
400000 0.675 0.9482758620689655 0.2976190476190476
500000 0.654 0.9482758620689655 0.24761904761904763
600000 0.643 0.9551724137931035 0.2119047619047619
700000 0.639 0.9620689655172414 0.19285714285714287
800000 0.634 0.9637931034482758 0.17857142857142858
900000 0.633 0.9689655172413794 0.16904761904761906
1000000 0.625 0.9724137931034482 0.14523809523809525
