120, 1
83, 1
53, 1
54, 1
17, 1
81, 1
114, 1
133, 1
90, 1
4, 1
3, 1
76, 1
75, 1
78, 1
42, 1
47, 1
51, 1
142, 1
139, 1
27, 1
2, 1
20, 1
44, 1
39, 1
9, 1
113, 1
64, 1
71, 1
87, 1
99, 1
29, 1
98, 1
66, 1
135, 1
40, 1
138, 1
118, 1
109, 1
86, 1
93, 1
43, 1
73, 1
8, 1
77, 1
16, 1
45, 1
7, 1
19, 1
13, 1
116, 1
28, 1
22, 1
41, 1
92, 1
30, 1
102, 1
140, 1
79, 1
126, 1
82, 1
24, 1
23, 1
106, 1
61, 1
136, 1
57, 1
14, 1
18, 1
21, 1
85, 1
107, 1
35, 1
33, 1
15, 1
63, 1
91, 1
88, 1
105, 1
52, 1
49, 1
122, 1
34, 1
11, 1
48, 1
119, 1
130, 1
12, 1
60, 1
112, 1
36, 1
95, 1
59, 1
117, 1
6, 1
25, 1
32, 1
55, 1
62, 1
137, 1
100, 1
97, 1
96, 1
31, 1
1, 37
1, 128
1, 70
1, 123
1, 72
1, 103
1, 58
1, 26
1, 38
1, 111
1, 5
1, 65
1, 84
1, 94
1, 132
1, 110
1, 89
1, 121
1, 69
1, 108
1, 115
1, 144
1, 50
1, 129
1, 134
1, 68
1, 141
1, 56
1, 80
1, 131
1, 125
1, 127
1, 74
1, 104
1, 143
1, 67
1, 101
1, 46
1, 10
1, 124
120, 53
120, 17
120, 27
120, 34
120, 70
83, 22
83, 52
83, 49
53, 17
53, 114
53, 4
53, 7
53, 28
54, 114
54, 4
54, 71
54, 98
54, 93
54, 7
17, 114
17, 90
17, 47
17, 27
17, 113
17, 71
17, 87
17, 99
17, 98
17, 93
17, 7
17, 28
17, 41
17, 11
17, 103
81, 7
81, 61
81, 88
81, 34
81, 130
81, 84
81, 89
114, 90
114, 4
114, 27
114, 71
114, 87
114, 99
114, 93
114, 7
114, 28
114, 41
114, 72
133, 51
133, 44
133, 43
133, 15
133, 91
133, 70
133, 5
90, 4
90, 27
90, 87
90, 99
90, 98
90, 93
90, 7
90, 28
90, 41
90, 14
90, 34
90, 72
4, 47
4, 71
4, 87
4, 99
4, 29
4, 98
4, 109
4, 93
4, 73
4, 7
4, 28
3, 27
76, 2
76, 59
76, 84
76, 80
78, 51
78, 39
78, 138
78, 16
78, 48
47, 142
47, 139
47, 39
47, 9
47, 113
47, 99
47, 98
47, 41
47, 30
47, 126
47, 61
47, 136
47, 33
47, 15
47, 88
47, 52
47, 34
47, 11
47, 48
47, 70
47, 72
47, 103
47, 110
47, 89
47, 56
47, 127
47, 67
47, 46
51, 138
51, 16
51, 136
142, 64
142, 126
142, 12
142, 55
142, 65
142, 108
142, 131
142, 143
142, 67
139, 44
139, 39
139, 138
139, 23
139, 136
139, 35
139, 63
139, 91
139, 88
139, 48
139, 130
139, 112
139, 36
139, 117
139, 6
139, 62
139, 100
139, 31
139, 70
139, 123
139, 103
139, 58
139, 38
139, 5
139, 84
139, 110
139, 89
139, 129
139, 80
139, 125
139, 127
139, 74
27, 71
27, 87
27, 99
27, 98
27, 138
27, 7
27, 28
27, 41
27, 102
27, 72
2, 29
2, 73
2, 8
20, 19
44, 135
44, 21
44, 52
44, 49
44, 121
39, 138
39, 16
39, 136
39, 34
39, 70
39, 103
9, 85
9, 34
9, 48
9, 117
9, 70
9, 72
9, 103
113, 11
113, 48
113, 70
113, 72
113, 101
64, 116
64, 79
64, 126
64, 106
64, 52
64, 32
64, 55
64, 108
64, 68
64, 67
71, 87
71, 93
71, 43
71, 28
71, 41
71, 88
71, 48
87, 99
87, 98
87, 93
87, 7
87, 28
87, 41
99, 98
99, 7
99, 28
99, 41
99, 14
29, 57
98, 93
98, 7
98, 28
98, 41
98, 103
66, 73
66, 62
66, 84
135, 82
40, 86
40, 22
40, 52
40, 49
40, 121
138, 43
138, 16
138, 136
138, 48
138, 70
109, 93
109, 15
109, 130
109, 36
109, 37
109, 38
86, 52
93, 7
93, 28
93, 41
43, 28
43, 136
43, 14
43, 48
73, 84
8, 24
8, 18
8, 88
77, 136
77, 57
77, 63
77, 95
77, 59
77, 62
77, 37
77, 70
77, 84
77, 56
16, 34
7, 28
7, 41
13, 79
116, 140
116, 126
116, 25
116, 32
116, 55
116, 69
116, 108
116, 104
116, 67
28, 41
28, 14
22, 52
22, 49
22, 121
41, 72
92, 136
92, 52
92, 11
92, 48
92, 84
30, 61
30, 52
30, 48
30, 103
30, 110
30, 129
102, 63
102, 91
102, 88
102, 130
102, 6
102, 100
102, 70
102, 72
140, 126
140, 12
140, 32
140, 55
140, 69
140, 108
140, 68
140, 104
140, 67
79, 52
126, 106
126, 32
126, 55
126, 65
126, 108
126, 68
126, 143
126, 67
82, 12
82, 137
82, 67
23, 63
23, 91
23, 88
23, 52
23, 130
23, 6
23, 100
23, 58
23, 38
23, 5
23, 129
23, 56
106, 12
106, 55
106, 65
106, 108
106, 68
106, 141
106, 143
106, 10
61, 33
61, 15
61, 48
61, 36
61, 96
61, 70
61, 103
61, 110
61, 89
136, 85
136, 35
136, 33
136, 91
136, 88
136, 48
136, 36
136, 95
136, 59
136, 117
136, 100
136, 37
136, 72
136, 103
136, 58
136, 5
136, 89
136, 56
57, 35
57, 52
57, 11
57, 59
57, 62
57, 37
57, 70
57, 84
14, 11
14, 48
14, 70
14, 72
14, 103
21, 52
21, 49
21, 121
85, 35
85, 63
85, 91
85, 48
85, 117
85, 37
85, 58
85, 38
107, 15
107, 52
107, 89
35, 63
35, 91
35, 88
35, 59
35, 117
35, 37
35, 58
35, 84
33, 91
33, 48
33, 96
33, 37
33, 103
33, 5
33, 84
33, 110
33, 89
15, 48
15, 130
15, 112
15, 36
15, 6
15, 96
15, 84
15, 89
15, 115
63, 91
63, 34
63, 130
63, 59
63, 6
63, 100
63, 37
63, 70
63, 72
63, 58
63, 38
63, 5
63, 129
63, 56
63, 74
91, 88
91, 52
91, 130
91, 59
91, 100
91, 37
91, 58
91, 38
88, 130
88, 117
88, 6
88, 100
88, 72
88, 103
88, 129
52, 49
52, 48
52, 137
52, 100
52, 97
52, 70
52, 103
52, 38
52, 84
52, 121
52, 144
52, 129
52, 134
52, 80
49, 121
122, 12
122, 65
34, 11
34, 48
34, 60
34, 59
34, 72
34, 103
11, 48
11, 70
11, 72
11, 103
11, 110
48, 117
48, 70
48, 72
48, 103
48, 110
48, 129
119, 137
130, 36
130, 6
130, 100
130, 58
130, 38
130, 5
130, 84
130, 132
130, 110
130, 129
130, 56
130, 125
130, 127
130, 74
12, 69
12, 108
12, 104
12, 67
12, 10
60, 36
112, 95
112, 96
112, 5
112, 84
112, 110
112, 89
36, 59
36, 96
36, 37
36, 70
36, 5
36, 110
36, 56
95, 59
95, 70
95, 103
95, 125
59, 62
59, 37
59, 38
59, 84
59, 89
117, 58
117, 38
117, 5
6, 100
6, 38
6, 84
6, 110
6, 89
6, 129
6, 80
6, 125
6, 74
25, 111
25, 69
25, 141
32, 108
32, 68
32, 104
32, 67
55, 108
55, 68
55, 67
62, 37
62, 84
62, 110
137, 97
100, 37
100, 58
100, 38
100, 5
96, 70
96, 110
96, 89
31, 123
37, 72
37, 58
37, 84
37, 94
128, 5
70, 72
70, 103
70, 58
70, 38
70, 110
70, 129
70, 125
70, 127
123, 56
103, 110
103, 89
103, 56
103, 125
103, 127
58, 38
58, 5
58, 129
58, 56
38, 5
38, 129
38, 56
38, 74
111, 132
111, 108
111, 68
111, 141
5, 89
5, 56
5, 74
65, 108
65, 68
65, 143
65, 67
65, 46
84, 132
84, 129
84, 56
84, 80
84, 125
110, 89
110, 56
89, 115
89, 56
89, 125
121, 56
69, 108
69, 141
69, 67
69, 46
108, 68
108, 141
108, 67
144, 134
50, 68
50, 131
50, 143
50, 67
129, 56
129, 125
129, 127
129, 74
129, 67
68, 141
68, 104
68, 143
68, 67
56, 125
56, 74
80, 125
80, 74
131, 143
131, 67
131, 46
104, 67
143, 67
143, 46
67, 46
33.0, 103.0
33.0, 5.0
33.0, 84.0
33.0, 110.0
33.0, 89.0
15.0, 48.0
15.0, 130.0
15.0, 112.0
15.0, 36.0
15.0, 6.0
15.0, 96.0
15.0, 84.0
15.0, 89.0
15.0, 115.0
63.0, 91.0
63.0, 34.0
63.0, 130.0
63.0, 59.0
63.0, 6.0
63.0, 100.0
63.0, 37.0
63.0, 70.0
63.0, 72.0
63.0, 58.0
63.0, 38.0
63.0, 5.0
63.0, 129.0
63.0, 56.0
63.0, 74.0
91.0, 88.0
91.0, 52.0
91.0, 130.0
91.0, 59.0
91.0, 100.0
91.0, 37.0
91.0, 58.0
91.0, 38.0
88.0, 130.0
88.0, 117.0
88.0, 6.0
88.0, 100.0
88.0, 72.0
88.0, 103.0
88.0, 129.0
52.0, 49.0
52.0, 48.0
52.0, 137.0
52.0, 100.0
52.0, 97.0
52.0, 70.0
52.0, 103.0
52.0, 38.0
52.0, 84.0
52.0, 121.0
52.0, 144.0
52.0, 129.0
52.0, 134.0
52.0, 80.0
49.0, 121.0
122.0, 12.0
122.0, 65.0
34.0, 11.0
34.0, 48.0
34.0, 60.0
34.0, 59.0
34.0, 72.0
34.0, 103.0
11.0, 48.0
11.0, 70.0
11.0, 72.0
11.0, 103.0
11.0, 110.0
48.0, 117.0
48.0, 70.0
48.0, 72.0
48.0, 103.0
48.0, 110.0
48.0, 129.0
119.0, 137.0
130.0, 36.0
130.0, 6.0
130.0, 100.0
130.0, 58.0
130.0, 38.0
130.0, 5.0
130.0, 84.0
130.0, 132.0
130.0, 110.0
130.0, 129.0
130.0, 56.0
130.0, 125.0
130.0, 127.0
130.0, 74.0
12.0, 69.0
12.0, 108.0
12.0, 104.0
12.0, 67.0
12.0, 10.0
60.0, 36.0
112.0, 95.0
112.0, 96.0
112.0, 5.0
112.0, 84.0
112.0, 110.0
112.0, 89.0
36.0, 59.0
36.0, 96.0
36.0, 37.0
36.0, 70.0
36.0, 5.0
36.0, 110.0
36.0, 56.0
95.0, 59.0
95.0, 70.0
95.0, 103.0
95.0, 125.0
59.0, 62.0
59.0, 37.0
59.0, 38.0
59.0, 84.0
59.0, 89.0
117.0, 58.0
117.0, 38.0
117.0, 5.0
6.0, 100.0
6.0, 38.0
6.0, 84.0
6.0, 110.0
6.0, 89.0
6.0, 129.0
6.0, 80.0
6.0, 125.0
6.0, 74.0
25.0, 111.0
25.0, 69.0
25.0, 141.0
32.0, 108.0
32.0, 68.0
32.0, 104.0
32.0, 67.0
55.0, 108.0
55.0, 68.0
55.0, 67.0
62.0, 37.0
62.0, 84.0
62.0, 110.0
137.0, 97.0
100.0, 37.0
100.0, 58.0
100.0, 38.0
100.0, 5.0
96.0, 70.0
96.0, 110.0
96.0, 89.0
31.0, 123.0
37.0, 72.0
37.0, 58.0
37.0, 84.0
37.0, 94.0
128.0, 5.0
70.0, 72.0
70.0, 103.0
70.0, 58.0
70.0, 38.0
70.0, 110.0
70.0, 129.0
70.0, 125.0
70.0, 127.0
123.0, 56.0
103.0, 110.0
103.0, 89.0
103.0, 56.0
103.0, 125.0
103.0, 127.0
58.0, 38.0
58.0, 5.0
58.0, 129.0
58.0, 56.0
38.0, 5.0
38.0, 129.0
38.0, 56.0
38.0, 74.0
111.0, 132.0
111.0, 108.0
111.0, 68.0
111.0, 141.0
5.0, 89.0
5.0, 56.0
5.0, 74.0
65.0, 108.0
65.0, 68.0
65.0, 143.0
65.0, 67.0
65.0, 46.0
84.0, 132.0
84.0, 129.0
84.0, 56.0
84.0, 80.0
84.0, 125.0
110.0, 89.0
110.0, 56.0
89.0, 115.0
89.0, 56.0
89.0, 125.0
121.0, 56.0
69.0, 108.0
69.0, 141.0
69.0, 67.0
69.0, 46.0
108.0, 68.0
108.0, 141.0
108.0, 67.0
144.0, 134.0
50.0, 68.0
50.0, 131.0
50.0, 143.0
50.0, 67.0
129.0, 56.0
129.0, 125.0
129.0, 127.0
129.0, 74.0
129.0, 67.0
68.0, 141.0
68.0, 104.0
68.0, 143.0
68.0, 67.0
56.0, 125.0
56.0, 74.0
80.0, 125.0
80.0, 74.0
131.0, 143.0
131.0, 67.0
131.0, 46.0
104.0, 67.0
143.0, 67.0
143.0, 46.0
67.0, 46.0
